start=1383.967000
speed=1.210000
pause=yes
