start=1583.040000
speed=1.210000
volume=67.012993
fullscreen=yes
sid=1
