start=1327.374333
speed=1.100000
