start=1425.548000
speed=1.100000
