start=5620.323042
speed=1.331000
fullscreen=yes
