start=3.770833
osd-level=3
pause=yes
volume=84.000000
panscan=0.100000
sub-pos=96
sub-ass-override=no
