start=1413.265167
speed=1.210000
